0	0	0	0	0	0	0	0	35	0	0	0	26	0	4	0	0	0	0	0	0	0	0	17	0	0	0	0	0	0	0	0	0	0	24	0	0	0	26	0
0	0	0	0	0	0	0	0	53	0	0	0	0	0	39	0	0	0	29	0	0	0	0	0	0	0	0	0	0	53	0	0	16	0	0	0	0	0	29	0
0	0	0	0	27	0	29	0	0	0	0	0	0	0	0	0	0	0	0	0	0	0	0	0	0	0	0	0	0	0	0	21	13	14	0	0	0	3	0	0
0	0	0	0	0	0	0	0	0	0	0	0	0	0	0	0	0	0	0	0	29	0	0	0	0	0	0	0	0	33	0	14	0	0	16	0	18	0	0	19
0	0	0	0	0	73	0	70	0	0	0	0	0	0	0	0	31	0	0	0	0	20	0	0	0	0	0	0	0	0	0	26	0	0	0	0	0	0	0	40
33	0	0	0	0	0	0	0	0	0	28	0	0	0	23	0	0	0	0	0	0	0	0	17	8	0	12	0	0	0	0	0	0	0	0	0	0	0	0	0
0	38	0	0	0	0	0	0	0	0	0	0	0	0	0	40	0	0	25	0	0	0	0	0	0	0	25	0	0	0	0	0	16	0	0	0	0	0	29	0
0	27	0	0	0	0	0	0	0	0	18	22	21	0	0	0	0	0	0	0	0	11	0	0	0	0	0	28	0	0	0	0	0	0	0	0	0	0	0	0
0	0	0	0	36	0	0	0	0	27	17	0	0	0	0	0	0	0	0	0	0	0	0	0	0	0	24	0	0	0	0	0	0	18	0	0	0	16	0	0
0	62	0	0	0	0	0	0	0	0	47	0	0	0	0	0	8	33	0	0	0	0	0	0	0	0	17	0	0	0	0	0	0	0	0	0	15	0	0	0
0	0	0	0	57	0	0	0	0	0	0	0	0	0	0	37	0	0	26	0	0	0	0	0	0	25	0	0	0	0	0	0	11	0	0	0	0	22	0	0
0	53	0	0	0	0	28	0	0	0	0	0	0	52	0	0	0	0	34	0	0	0	52	0	0	0	0	0	0	0	0	0	11	0	0	0	0	0	0	0
0	0	0	0	0	0	20	18	0	0	0	17	0	0	19	0	0	0	0	0	0	0	0	0	0	0	0	0	0	0	0	0	7	0	0	0	0	0	0	21
0	0	0	17	0	0	17	0	0	0	0	0	0	0	0	0	0	0	0	0	0	0	0	14	0	0	0	0	0	10	0	0	0	0	10	0	0	0	6	0
0	0	0	0	26	0	28	0	0	0	0	0	16	0	0	0	0	0	0	0	0	0	0	0	0	18	0	0	32	0	0	0	0	0	0	0	0	4	0	0
0	28	0	31	0	0	0	37	0	0	0	0	0	0	0	0	0	26	0	0	0	0	0	0	0	0	0	0	0	0	39	0	0	0	0	17	0	0	0	0
0	0	0	0	38	0	0	0	0	43	0	0	0	0	0	0	0	0	12	0	0	0	0	0	23	0	6	0	0	0	0	0	0	0	33	0	0	0	0	0
0	0	0	0	0	28	30	0	25	0	0	0	13	0	0	15	0	0	0	0	0	0	0	13	0	0	0	0	0	0	0	0	0	0	0	0	0	0	0	0
32	0	0	0	0	0	0	0	0	0	0	0	0	0	0	0	27	0	0	0	37	0	0	0	0	0	0	51	16	0	0	0	0	0	0	0	0	0	0	26
0	0	16	0	0	0	0	0	0	0	11	0	0	0	0	0	8	0	0	0	0	0	17	0	0	0	0	0	0	0	0	0	9	0	0	0	6	0	0	0
0	0	0	0	0	0	0	0	0	0	0	35	0	0	0	0	0	0	0	0	0	0	0	21	0	19	0	0	0	30	0	10	0	0	0	0	12	0	0	0
0	0	0	19	19	0	0	0	0	0	0	19	0	0	7	10	0	0	0	0	0	0	0	0	0	0	0	0	0	0	0	0	0	0	0	11	0	0	0	0
0	0	0	0	0	0	0	0	0	0	21	0	0	0	0	0	0	0	16	0	0	0	0	0	0	0	5	27	0	0	0	0	0	0	0	10	0	0	19	0
0	0	0	0	0	0	0	0	0	0	0	28	0	0	0	0	32	0	0	0	22	0	0	0	0	16	14	0	0	0	0	0	5	0	0	0	0	0	0	0
0	0	0	0	0	0	0	0	0	33	0	0	38	0	0	0	10	0	0	0	0	0	19	0	0	0	0	0	0	0	0	0	9	0	0	16	0	0	0	0
28	0	0	0	0	0	0	0	0	0	0	18	0	0	0	0	0	0	15	0	20	0	0	0	0	0	0	0	0	0	0	0	7	0	0	0	0	13	0	0
0	0	0	36	17	0	0	0	0	0	0	0	0	0	0	0	0	0	0	0	0	0	18	0	12	0	0	0	0	0	0	0	0	0	0	14	19	0	0	0
0	0	0	14	0	0	0	0	0	0	12	0	0	0	0	0	0	20	0	0	0	0	0	9	0	0	0	0	0	11	23	0	0	0	0	0	0	0	0	0
0	0	0	0	17	0	0	0	0	24	0	0	0	0	0	0	0	0	0	0	0	20	0	15	0	0	0	0	0	0	12	11	0	0	0	0	0	0	0	0
0	0	34	0	0	0	15	0	0	0	0	0	0	0	0	26	0	0	0	0	0	0	0	0	18	0	0	0	17	0	0	0	8	0	0	0	0	0	0	0
19	0	0	0	0	0	0	0	0	0	17	6	0	15	0	0	0	0	0	0	0	0	0	0	0	6	0	0	0	0	0	3	0	0	0	0	0	0	0	0
0	0	0	13	0	0	0	0	0	0	26	15	0	0	0	0	0	0	0	0	5	0	0	0	0	0	0	0	15	0	0	0	0	0	0	0	0	0	25	0
27	0	0	0	0	0	0	0	0	26	0	0	0	0	0	0	0	21	8	0	0	24	0	0	0	0	0	0	0	0	0	10	0	0	0	0	0	0	0	0
0	16	0	0	0	0	0	0	0	17	0	0	0	0	0	0	0	0	16	0	0	0	0	8	12	0	0	0	5	0	0	0	0	0	0	0	0	0	0	0
0	0	0	0	0	0	11	0	0	0	0	0	0	0	0	26	0	0	19	0	0	0	0	6	7	0	0	0	0	0	0	0	0	0	0	0	4	0	0	0
0	0	0	0	0	0	0	0	0	0	0	0	0	0	0	0	0	0	0	0	23	0	0	0	0	0	0	0	0	0	0	9	0	30	7	0	11	0	9	0
0	0	0	0	0	15	0	0	0	0	0	32	0	0	25	0	0	16	0	0	0	0	0	0	5	0	0	0	0	0	0	0	0	0	0	0	0	7	0	0
0	0	0	0	0	0	0	0	0	0	0	22	0	0	0	0	17	0	0	0	0	0	0	4	13	4	8	0	0	0	0	0	0	0	0	0	0	0	0	0
0	0	30	0	0	0	0	0	0	0	0	0	0	0	10	0	0	16	0	62	0	0	0	0	0	14	0	0	0	0	0	0	0	0	0	0	4	0	0	0
0	0	23	0	0	0	0	0	16	13	0	0	0	0	0	16	0	0	0	20	0	0	0	0	0	0	0	0	0	0	0	0	0	16	0	0	0	0	0	0
